97
687
724
864
167
465
781
925
860
579
809
38
355
51
396
189
201
57
757
316
222
336
950
861
24
365
117
705
278
955
255
463
30
24
483
149
1002
34
731
211
270
201
112
926
118
141
83
278
799
341
790
851
125
598
441
639
454
107
949
373
635
853
735
489
942
568
346
913
598
845
343
448
504
605
258
943
388
376
289
702
697
507
86
627
482
123
473
270
545
687
573
673
85
770
576
12
604
128
928
378
661
10
550
721
421
710
371
473
907
991
844
443
700
376
836
112
85
269
300
679
22
471
603
391
994
781
762
846
153
944
906
189
661
964
233
406
199
968
850
149
9
778
148
934
85
861
792
335
921
757
116
342
516
46
332
683
152
132
768
793
511
464
166
596
894
422
278
255
34
194
267
943
605
563
694
600
898
965
333
504
161
185
675
51
205
163
313
613
623
69
360
431
12
280
367
309
394
294
755
98
646
681
124
371
318
983
181
893
947
137
866
595
547
783
752
209
859
999
531
40
433
288
245
779
45
663
640
794
847
348
642
186
246
109
976
352
307
362
939
592
253
465
694
1013
856
985
55
706
0
874
280
778
647
632
667
909
