79
249
886
312
715
399
713
128
902
36
859
854
796
498
726
893
192
278
447
917
411
256
370
767
962
548
698
857
736
559
891
120
524
98
502
188
652
935
699
821
114
1002
753
381
784
847
172
78
481
271
423
436
104
957
755
354
834
241
358
255
502
442
750
356
493
621
950
960
512
241
414
34
530
633
951
37
196
148
281
713
454
915
805
578
390
951
332
749
788
775
849
721
65
99
439
555
385
606
626
355
825
824
419
270
453
690
275
933
1
156
814
702
845
475
666
60
367
299
117
332
273
951
976
963
532
281
261
416
543
126
859
27
453
337
479
984
276
867
710
28
682
308
316
736
542
958
22
497
240
438
959
329
1009
796
383
672
161
570
891
182
181
172
660
613
736
67
267
752
24
835
30
334
795
890
843
648
583
536
964
808
725
303
747
918
80
126
556
301
503
29
26
175
154
58
684
67
712
428
69
463
186
814
663
595
234
726
688
476
348
535
527
411
127
479
70
151
315
737
498
1010
854
656
30
167
655
254
706
356
422
702
67
173
769
541
953
883
447
400
226
907
471
815
847
149
791
329
66
638
474
522
862
403
188
800
176
728
312
827
930
764
252
568
825
775
652
340
274
588
39
179
913
54
327
536
346
931
735
493
240
455
989
270
163
191
394
372
297
797
584
734
409
697
475
481
323
987
979
105
678
642
615
198
85
909
425
644
966
755
383
744
977
963
436
735
68
447
1021
678
643
86
918
148
218
337
1010
219
1002
544
941
120
927
969
884
385
814
496
127
862
967
391
912
710
851
930
307
24
709
342
660
146
897
145
834
797
456
210
251
987
709
950
5
699
118
103
242
588
81
170
327
88
64
340
629
84
487
568
1001
525
217
853
598
258
512
290
385
317
718
73
509
987
1023
308
473
82
266
52
119
829
342
156
106
1013
693
938
789
60
111
2
1008
980
759
289
978
955
904
541
450
765
221
73
399
539
849
615
844
325
822
741
981
874
955
521
383
154
684
181
646
182
13
521
963
601
267
153
1015
635
501
679
218
996
733
709
896
862
762
94
452
382
221
673
433
76
876
0
928
424
918
809
859
598
312
588
632
775
609
545
627
604
254
580
328
217
29
162
637
915
744
774
81
39
91
266
935
977
994
99
585
757
525
179
714
897
61
685
587
168
444
892
373
419
194
604
537
854
792
140
1003
245
551
231
217
179
773
250
643
639
413
520
906
574
149
479
874
1016
369
690
564
20
824
784
672
279
826
494
359
87
994
372
293
1017
681
473
780
569
737
522
430
932
838
218
983
246
609
47
917
941
588
975
63
326
39
439
701
758
571
284
113
237
765
5
288
993
272
711
535
365
576
537
179
512
562
1001
496
516
1004
113
281
612
585
337
213
256
376
152
434
167
157
900
127
524
651
168
359
873
318
273
216
477
972
16
63
3
55
476
611
560
936
346
224
857
813
782
656
821
480
212
926
249
27
934
210
925
417
758
417
336
756
227
340
1007
801
915
754
537
965
405
5
548
395
120
357
841
490
773
888
414
388
1007
1012
78
748
233
914
215
67
339
731
388
734
975
93
288
127
43
459
386
781
89
260
184
921
844
524
946
414
555
81
682
375
525
55
141
163
884
723
802
977
217
433
861
946
632
530
678
518
476
257
527
296
456
798
592
346
577
349
647
949
164
787
853
274
762
19
496
267
154
132
673
333
204
9
513
531
70
367
686
451
740
254
824
680
719
878
646
510
957
873
936
164
75
603
552
753
651
364
697
916
308
839
870
13
55
761
968
33
390
135
681
643
871
900
490
514
42
145
201
481
382
321
773
474
578
177
123
507
971
848
608
67
464
981
583
733
367
962
274
585
779
627
485
586
94
533
163
273
982
830
682
828
412
431
23
929
272
622
559
889
414
489
168
273
568
789
986
348
735
489
795
165
344
90
854
172
910
610
153
693
856
454
791
317
823
845
707
497
389
215
1014
632
931
208
814
380
339
678
101
555
825
185
91
32
949
135
682
464
806
166
1
952
600
735
6
873
726
551
834
362
789
1002
61
307
885
204
758
358
118
817
147
650
761
244
571
306
228
503
155
398
303
121
68
966
189
799
1019
886
187
466
326
941
406
644
402
166
6
68
607
556
591
246
800
101
1015
202
844
775
291
214
17
23
458
354
53
180
695
670
385
872
146
1009
465
274
168
591
769
295
964
651
593
666
57
181
785
734
658
92
46
608
687
365
891
228
147
82
368
75
793
223
612
601
988
182
36
410
260
967
365
380
544
450
952
582
771
795
722
503
642
341
80
227
35
65
729
830
564
347
775
156
34
724
492
932
32
977
988
894
352
126
462
493
422
925
507
765
659
535
77
452
548
994
847
429
535
144
217
471
583
533
448
45
761
656
839
950
131
408
262
636
9
1013
941
54
566
737
855
562
691
980
393
198
535
711
188
611
849
65
443
525
822
83
811
803
919
900
18
783
3
289
224
624
868
193
333
205
37
747
402
851
901
217
413
392
523
320
297
88
854
220
684
981
103
384
926
721
952
873
877
305
714
849
166
444
144
808
628
473
1014
729
974
444
801
760
267
779
577
600
136
653
612
854
721
952
627
771
418
721
226
380
593
111
164
822
485
477
809
419
394
360
546
439
486
475
122
939
113
418
1020
857
968
217
529
26
846
988
336
802
69
851
473
482
5
55
739
298
133
677
979
978
951
856
771
278
225
156
191
536
166
514
641
960
302
454
953
394
892
506
496
484
890
139
882
536
1003
568
850
793
97
600
874
845
953
619
822
592
203
12
1003
302
925
609
219
615
707
679
87
325
898
28
970
34
1023
268
628
624
189
652
279
405
263
556
767
813
541
727
493
834
253
149
439
555
478
544
387
971
461
532
62
138
705
842
1013
41
869
787
552
354
244
659
892
150
112
167
1022
250
140
363
164
887
985
317
375
338
330
100
923
222
463
605
600
902
141
665
220
599
717
121
501
394
1005
617
468
951
31
228
550
169
132
906
572
279
605
85
608
879
944
262
252
485
201
72
373
158
672
359
26
775
285
323
900
379
910
926
926
267
465
217
969
337
556
638
598
887
32
879
791
632
608
145
113
114
322
153
31
476
671
523
874
952
597
377
133
284
863
893
236
719
897
188
296
869
127
778
655
814
462
932
309
401
486
878
739
473
881
31
670
598
187
514
789
253
500
944
952
542
539
46
688
826
624
932
995
109
171
601
538
42
874
569
74
370
625
498
128
195
674
355
96
288
67
259
471
678
454
115
458
373
194
861
844
241
819
415
808
759
280
303
473
528
319
526
250
552
260
188
938
233
297
643
781
880
967
726
734
647
115
107
671
907
386
177
1023
173
429
810
19
737
312
43
241
256
870
707
119
359
330
826
684
682
53
225
817
102
623
217
968
444
237
998
998
499
850
302
754
286
265
724
91
808
572
1006
851
669
631
194
961
93
58
99
607
637
581
981
435
665
1
465
205
831
385
640
1
612
232
1019
62
365
487
294
108
1022
796
311
62
73
596
395
800
940
919
161
588
440
994
887
801
708
448
824
72
511
596
4
704
278
757
710
959
852
740
222
127
774
350
719
956
187
259
995
752
208
1011
178
313
747
322
445
499
138
502
790
80
757
340
259
542
447
621
508
309
486
649
7
826
763
728
282
355
1001
196
71
622
407
431
97
81
41
401
682
794
73
709
680
141
743
519
829
84
906
687
661
812
108
902
965
397
321
710
574
582
88
972
849
553
306
16
980
195
873
338
69
545
114
355
169
761
521
100
301
645
701
868
972
736
86
655
522
933
702
83
799
183
787
1002
1006
665
223
516
147
601
464
280
654
846
942
393
426
329
84
419
835
182
399
24
978
152
810
440
137
814
161
178
48
116
693
991
112
836
555
134
248
223
971
450
950
830
948
880
207
543
899
954
379
886
170
771
554
856
729
580
355
210
56
660
571
991
84
349
678
334
369
64
746
587
292
28
730
418
589
476
934
310
332
581
602
997
374
592
632
469
736
665
704
870
589
968
740
63
243
92
560
123
603
689
90
405
65
286
550
690
367
653
103
1019
551
428
1004
563
407
713
566
379
587
38
881
361
661
35
302
247
894
400
357
268
963
256
316
452
345
227
332
739
919
684
768
348
31
663
837
4
157
342
797
916
969
301
626
79
593
96
918
422
241
299
442
581
664
809
512
931
69
759
135
833
663
896
243
507
712
730
74
765
957
643
203
654
745
642
162
961
141
663
46
745
368
303
381
588
886
960
411
907
67
557
263
275
681
992
453
644
589
18
234
57
212
643
626
400
508
218
986
440
639
597
972
268
922
828
584
482
346
927
425
9
530
927
241
794
829
620
847
362
471
233
455
755
653
715
445
325
1023
483
546
235
12
362
94
534
161
1017
95
356
957
339
317
342
155
367
354
430
668
934
522
161
257
663
244
239
775
113
690
641
678
95
735
91
221
929
230
373
789
326
452
809
634
37
573
520
831
43
267
752
191
97
862
442
123
312
882
194
459
295
687
784
4
338
934
357
612
84
209
635
861
376
750
452
868
577
758
39
960
838
873
119
737
995
428
239
80
12
914
866
473
570
837
277
237
647
316
601
280
822
638
789
575
361
777
171
382
218
704
1011
707
185
875
286
11
599
530
789
966
315
861
360
28
985
817
292
291
733
517
300
270
92
51
504
551
925
602
859
437
946
386
569
617
311
104
193
526
705
1000
263
334
623
1023
992
352
316
811
707
555
5
690
640
916
405
724
465
664
898
764
140
305
55
938
423
148
1018
377
96
142
890
593
51
147
32
398
847
664
579
988
976
796
474
506
385
919
475
654
681
296
888
560
736
198
701
28
767
479
125
141
236
395
430
1018
658
694
357
975
496
145
68
197
425
531
401
735
942
677
69
798
695
153
739
728
804
637
827
366
519
1003
557
614
143
546
341
739
297
867
901
509
690
450
326
378
966
933
791
936
244
898
3
682
861
164
512
799
595
664
955
292
381
345
1015
127
135
583
135
155
993
215
519
469
907
166
945
989
168
525
950
498
271
526
526
285
555
409
959
920
1007
905
727
171
725
201
31
930
217
203
612
530
726
799
182
945
584
191
648
28
602
200
377
251
128
422
300
864
134
903
130
689
485
890
691
0
495
63
542
374
25
1019
1000
667
676
589
562
567
578
52
581
834
246
12
509
144
477
653
207
739
480
651
698
63
855
149
680
884
421
55
666
1
691
676
463
127
689
921
136
234
330
844
528
151
454
545
364
392
326
852
915
622
964
297
118
443
823
223
207
575
889
154
384
135
1010
872
174
232
523
117
859
396
533
264
258
995
920
697
516
289
271
497
514
69
144
780
817
239
869
298
496
830
971
323
224
419
416
973
367
533
59
107
281
127
507
269
616
649
480
505
500
881
614
838
189
141
547
290
537
342
249
412
27
322
834
455
223
326
354
827
759
252
1006
837
892
246
518
412
89
301
13
595
112
871
871
553
167
399
811
476
961
209
483
429
930
411
374
928
340
59
406
112
1011
713
473
960
8
693
620
461
422
575
575
187
18
186
47
248
907
995
28
253
701
836
991
174
948
414
905
155
237
169
99
550
650
424
307
134
236
599
767
588
913
752
66
223
620
705
403
27
276
367
763
110
76
760
824
532
17
394
144
299
291
442
227
411
286
978
933
90
391
749
683
581
275
658
919
654
289
594
763
187
126
554
864
354
448
200
315
666
555
85
408
181
623
121
184
446
156
193
440
754
515
755
1019
930
674
399
428
550
501
530
915
328
503
579
421
224
697
155
158
498
947
564
183
226
995
199
34
204
128
498
727
171
123
600
105
335
712
997
946
571
62
719
456
709
577
699
341
785
291
799
60
898
942
536
65
929
352
708
574
793
741
874
316
261
408
71
887
278
689
418
149
136
552
984
540
602
160
272
624
950
864
656
547
40
701
323
629
170
136
731
561
546
95
542
191
685
439
363
807
730
253
259
869
241
97
611
484
901
329
776
757
306
484
536
953
54
363
407
808
330
353
955
663
518
789
46
142
149
780
194
669
31
549
795
574
927
26
827
823
425
375
169
31
644
1018
916
880
180
514
396
125
514
714
84
615
493
520
491
315
423
289
232
195
622
908
409
489
217
323
370
527
222
220
748
236
207
459
307
452
443
5
350
835
943
875
353
754
864
619
551
175
154
882
239
921
821
48
798
117
524
1023
86
44
14
188
535
782
396
772
754
417
329
96
260
671
58
990
259
683
616
570
841
79
440
895
340
281
682
477
730
726
177
163
750
179
616
923
157
674
462
572
942
889
436
230
1000
746
691
628
182
140
874
922
754
448
911
151
587
364
93
833
654
697
793
786
191
476
891
627
729
50
793
511
223
973
663
376
842
125
485
42
655
594
125
982
783
9
159
671
499
645
735
324
796
210
503
667
242
623
555
669
64
201
918
550
35
471
285
277
89
237
98
441
405
967
285
555
4
986
1012
369
112
976
26
486
22
761
447
897
433
695
200
198
718
455
564
478
466
1006
788
965
894
582
222
898
191
727
889
737
393
57
926
676
336
180
682
604
321
497
551
42
101
368
79
969
122
1022
507
8
239
476
484
879
390
300
765
310
240
247
396
717
364
82
59
174
233
491
536
935
261
546
657
1010
294
268
806
987
1015
323
924
62
197
483
830
860
392
234
62
714
388
780
818
204
711
755
893
293
950
167
206
569
426
435
33
919
395
78
867
350
964
98
417
150
790
456
969
756
181
748
67
584
337
781
25
796
765
347
497
691
761
973
211
33
306
468
388
593
951
13
880
770
69
62
921
590
791
443
30
102
275
729
1013
78
66
679
537
167
1017
586
766
739
72
738
811
485
486
146
967
937
379
971
223
114
409
658
548
175
272
512
951
345
356
422
344
937
32
475
796
405
901
301
942
832
535
863
273
457
439
990
695
796
858
166
57
805
77
944
104
851
937
492
926
627
161
319
850
332
312
79
101
221
858
343
756
783
806
825
634
324
679
579
415
914
948
873
796
778
72
626
104
720
55
643
451
52
5
181
197
723
47
526
620
896
193
254
209
77
473
416
509
96
824
337
90
171
578
903
278
565
557
256
796
208
911
738
401
921
362
279
219
956
591
375
717
68
809
593
804
16
973
498
333
105
498
52
488
345
493
117
282
192
289
183
685
569
961
999
131
497
105
317
906
828
269
820
210
954
904
197
702
271
114
310
755
666
998
797
522
457
789
211
83
42
150
861
642
763
332
459
486
433
785
412
536
812
398
909
69
89
373
357
935
317
586
28
328
171
524
402
39
145
494
590
249
236
681
820
266
221
734
479
813
194
533
453
158
831
169
321
703
716
1022
336
344
970
835
1003
907
12
571
506
380
948
478
425
257
849
501
518
11
264
818
467
383
347
296
607
407
266
534
371
454
879
932
332
778
151
957
254
273
1000
703
659
658
331
403
403
853
324
545
540
160
220
313
648
993
688
735
78
291
895
560
173
570
735
706
557
97
449
225
799
879
905
273
686
158
927
814
779
657
326
104
775
762
468
468
256
85
577
918
980
231
350
411
768
197
775
554
501
645
196
162
158
928
203
386
337
162
686
600
641
230
613
903
372
202
950
96
965
287
261
137
818
294
628
557
23
662
256
658
420
113
907
110
811
539
187
413
712
743
833
932
802
235
581
610
105
840
484
673
752
615
177
167
524
629
337
401
811
685
437
851
419
397
612
909
272
653
122
978
463
139
726
493
496
144
868
63
148
429
791
236
74
812
421
911
154
693
258
955
660
72
696
639
490
757
459
309
816
132
51
100
257
500
585
256
455
975
397
105
173
438
596
290
895
140
901
470
737
537
837
505
363
91
971
701
316
862
108
512
311
46
816
675
8
884
507
980
686
876
917
1003
147
383
984
282
733
633
109
568
698
558
740
299
779
633
887
416
643
584
731
43
1014
129
710
472
32
382
237
458
966
276
774
820
499
429
617
63
534
868
651
563
293
471
45
329
215
343
355
181
917
345
311
766
323
53
511
950
904
875
907
534
635
741
461
564
537
899
920
418
756
811
162
395
319
466
177
199
892
52
722
925
338
961
565
118
89
230
407
610
74
307
908
303
344
818
639
465
425
566
956
609
828
170
755
867
234
1004
307
117
547
519
819
714
38
575
113
495
658
946
1008
632
900
437
33
744
646
28
703
948
927
696
356
474
988
589
920
142
9
550
881
964
889
15
661
546
25
236
288
453
601
172
476
413
671
968
894
817
472
565
983
225
895
347
1
283
375
919
932
480
861
884
968
479
381
280
850
565
115
552
168
495
444
792
401
220
805
1012
515
531
955
780
718
436
863
328
330
31
809
996
826
573
76
778
919
732
766
557
98
708
998
479
342
792
458
30
562
357
984
703
75
344
405
877
71
269
918
46
250
838
144
925
456
520
1008
125
955
916
337
392
213
143
109
45
575
353
895
315
891
688
13
573
568
699
6
571
131
456
170
199
609
769
402
808
390
209
816
797
771
642
528
1023
505
545
899
685
680
136
792
1
723
996
927
163
582
838
515
673
115
955
866
384
162
490
892
563
339
829
895
186
978
477
33
322
478
893
470
940
306
223
612
898
725
426
675
67
351
193
205
713
811
218
438
409
54
1007
177
685
970
20
262
941
12
964
411
412
388
569
580
7
127
844
428
622
519
906
990
728
676
308
169
808
542
523
650
707
652
616
722
292
495
131
379
970
210
622
151
41
9
943
234
904
136
632
506
4
604
783
145
657
398
370
234
783
745
692
551
215
203
38
916
272
967
552
627
772
903
58
219
974
376
948
218
947
73
477
290
318
412
859
533
269
546
437
418
604
515
377
326
278
570
780
283
345
162
425
976
103
436
492
292
725
817
220
944
250
635
169
1001
627
307
653
68
23
983
446
186
717
937
627
619
453
377
547
834
659
183
251
794
574
66
652
317
837
805
158
1020
356
797
826
601
185
1002
961
825
787
911
225
247
954
111
901
991
845
403
6
417
248
75
620
670
462
911
317
556
470
120
122
595
535
304
339
651
89
87
427
636
63
30
388
707
957
628
726
103
220
82
84
129
380
818
774
914
570
426
785
747
677
0
841
115
696
571
568
541
653
509
947
318
871
333
492
441
301
708
803
611
462
687
356
494
600
222
338
944
466
434
175
883
465
213
670
893
478
642
285
564
469
676
269
617
746
760
607
261
803
222
879
177
397
438
896
819
176
19
721
908
359
598
959
284
257
239
909
977
432
278
147
667
301
85
732
766
775
621
801
866
980
623
969
815
430
161
466
539
149
381
997
674
674
313
118
425
286
49
201
636
929
998
612
795
922
699
122
824
541
879
45
142
82
906
820
135
645
806
999
201
266
556
910
539
538
504
578
616
993
303
81
371
991
234
895
942
162
398
69
409
112
400
585
360
800
562
523
788
577
645
645
482
202
601
600
871
301
781
996
662
802
909
851
636
981
729
390
249
763
452
475
398
383
829
446
176
500
6
978
174
714
708
434
989
73
287
350
212
275
583
845
651
337
311
334
140
226
83
998
3
155
89
624
335
423
462
114
92
769
512
457
809
794
557
284
40
582
220
834
717
960
414
201
154
587
447
657
815
91
501
851
410
390
226
797
955
590
630
729
555
320
337
456
613
203
916
529
299
425
692
748
558
424
20
497
676
676
842
909
12
615
546
552
851
817
473
404
669
1003
579
768
535
994
99
832
231
550
151
1022
885
278
55
846
921
951
883
284
45
943
69
507
497
821
458
852
629
482
376
335
90
426
760
85
820
1023
283
669
469
530
729
987
469
428
621
626
59
221
692
288
606
383
676
291
342
343
100
169
131
978
343
539
452
602
33
567
297
255
639
922
439
605
924
666
566
723
577
420
993
885
475
10
940
250
308
493
705
490
15
44
487
986
684
358
861
84
320
1007
703
404
736
419
67
625
251
84
942
1023
638
466
766
868
925
218
423
331
562
436
20
861
367
945
325
14
560
483
769
102
376
473
424
236
312
813
567
573
981
181
212
909
662
649
262
602
917
704
905
1007
440
506
62
78
728
705
501
440
720
499
560
472
621
760
144
439
284
505
644
381
869
429
571
239
640
435
35
605
694
974
854
877
519
631
872
458
839
581
358
812
295
836
211
486
883
949
951
753
241
305
775
702
33
308
925
177
453
317
695
511
200
157
317
701
629
71
784
669
966
777
853
90
629
518
127
556
392
923
409
613
6
712
904
838
267
383
558
97
976
500
461
16
514
342
348
912
981
1
845
105
171
891
943
354
113
447
871
523
370
778
509
1013
367
231
726
127
555
574
960
104
121
214
164
636
516
439
368
257
322
43
805
117
897
384
213
389
591
180
745
847
339
595
809
493
597
134
553
706
749
883
983
176
769
511
375
704
902
389
993
622
915
980
842
794
346
357
471
465
206
1010
159
874
263
451
302
710
963
602
881
906
139
60
951
765
71
212
90
828
120
560
868
601
703
704
473
549
193
298
396
627
403
182
715
70
810
93
252
169
935
9
520
445
1000
921
967
411
581
790
1015
278
848
698
1021
984
236
422
888
277
802
873
613
823
104
498
436
343
841
256
233
667
666
11
914
673
542
407
229
521
209
515
129
1012
785
648
653
979
34
404
785
1011
178
384
958
242
835
795
71
261
577
192
246
306
495
292
610
337
462
64
897
44
768
498
987
897
451
230
516
66
259
202
981
999
95
66
928
269
438
931
573
567
577
632
304
181
876
802
780
88
843
614
639
197
397
101
455
884
1001
861
349
832
17
897
842
714
164
219
959
272
193
842
224
962
207
714
100
659
100
381
981
536
624
13
926
787
951
207
938
538
762
457
992
745
787
700
889
208
86
992
18
41
193
526
871
1005
704
894
669
560
29
626
21
124
328
916
437
660
313
412
762
729
654
551
736
449
981
22
157
694
122
699
759
173
963
719
420
1
720
906
651
560
515
1002
210
416
386
988
254
575
110
671
822
463
473
292
337
311
624
353
915
758
389
276
9
649
48
825
692
615
541
920
291
332
391
101
537
881
452
1014
881
469
553
364
304
986
307
52
666
437
793
604
235
83
545
78
606
674
959
964
987
49
440
56
111
942
467
12
450
74
496
569
413
148
710
768
50
322
575
10
25
145
495
99
511
253
906
411
810
227
686
922
904
566
594
698
849
281
1019
265
1000
312
157
1018
834
339
961
220
637
789
503
656
694
816
159
336
211
720
41
318
995
767
31
225
787
928
779
590
6
201
221
297
716
833
388
200
185
165
706
0
843
38
70
679
234
453
7
854
398
851
356
110
477
211
611
262
262
748
690
846
120
188
903
31
999
794
69
359
706
555
172
779
974
198
728
925
340
277
659
12
458
215
46
243
346
546
290
911
752
3
129
258
290
974
378
422
158
604
876
770
281
198
675
901
314
217
324
12
625
213
656
416
779
846
549
782
147
453
422
50
464
157
512
451
759
424
440
515
285
784
390
752
392
235
837
336
233
580
340
682
771
492
101
3
887
358
346
1012
778
552
823
851
41
294
26
577
118
776
925
354
859
365
387
299
354
128
49
114
361
438
996
159
371
275
411
620
142
857
746
659
543
879
167
395
982
366
2
1023
979
492
821
39
724
650
905
306
492
928
343
450
604
442
935
409
381
939
957
152
420
801
453
5
530
833
297
207
133
710
755
650
812
94
289
40
718
927
681
928
118
232
333
599
296
195
963
903
171
150
408
337
613
350
383
527
223
874
926
293
513
170
451
285
491
661
368
613
812
497
119
165
175
175
554
771
91
840
934
22
665
482
640
401
886
509
539
571
651
202
356
537
286
792
975
989
774
711
333
37
742
158
218
290
708
680
836
891
545
145
632
871
344
267
713
625
1002
960
252
851
58
677
210
548
110
759
805
432
871
63
36
960
172
138
224
566
642
692
483
732
207
144
470
870
448
882
364
854
636
30
326
156
858
307
700
637
527
467
10
504
209
215
593
984
934
630
654
794
235
586
885
188
950
389
176
505
716
788
247
10
865
99
348
397
819
849
86
771
127
443
993
7
460
623
912
622
76
60
280
572
452
1003
383
203
518
311
636
542
750
922
81
659
298
634
866
992
351
3
372
486
333
290
118
837
101
647
565
504
1017
183
150
478
745
777
624
379
58
430
513
591
959
804
846
517
188
861
156
424
288
56
673
677
189
447
943
501
534
926
377
46
725
956
615
692
828
568
953
577
500
102
45
562
273
525
136
512
580
647
38
811
610
424
569
204
686
202
770
783
559
796
442
123
880
974
474
19
355
512
805
485
125
1009
49
255
305
796
825
305
813
616
6
771
23
88
619
681
1007
436
1019
443
420
227
227
564
344
699
327
350
708
933
721
409
148
429
664
959
317
334
17
608
505
454
644
462
559
546
624
232
440
683
202
452
859
382
640
715
644
936
476
414
975
894
920
60
236
542
593
633
464
29
719
362
578
153
932
123
898
325
17
459
754
525
216
761
521
196
473
145
806
221
831
318
628
632
759
800
566
56
740
756
7
605
319
749
591
181
607
582
609
725
657
0
929
356
921
345
340
243
817
670
687
26
1001
515
714
764
940
926
481
371
283
561
303
292
576
293
566
998
70
377
653
119
341
863
808
844
73
318
589
823
320
346
441
745
875
463
230
249
620
819
876
496
447
446
814
860
194
702
153
482
95
442
295
504
441
70
849
599
296
741
271
555
763
250
492
446
163
911
207
41
655
884
382
701
228
474
691
889
342
670
659
676
633
207
917
548
33
834
53
455
818
514
620
736
380
822
630
933
85
913
387
843
740
364
721
397
251
395
801
661
881
638
416
423
124
940
947
217
66
421
235
31
888
142
424
537
33
406
547
273
516
229
365
661
535
195
638
586
46
471
162
497
454
732
599
889
579
381
668
982
587
384
868
46
15
124
319
975
999
861
513
459
974
425
195
709
195
363
166
536
782
886
51
329
624
267
727
696
328
327
707
119
898
1
113
156
736
472
72
654
961
605
958
194
445
64
466
999
965
302
450
617
1007
120
221
744
661
112
843
997
656
927
406
923
732
246
155
828
198
663
177
672
576
826
53
1001
766
245
77
810
105
895
904
359
466
937
893
854
662
934
116
51
539
198
184
770
293
145
740
99
788
654
754
244
779
274
677
509
277
591
651
226
781
524
94
18
624
762
92
286
425
705
751
192
717
495
977
204
703
440
837
206
734
541
1020
179
671
448
603
594
989
295
243
635
842
917
376
698
976
997
810
386
533
331
580
47
420
284
513
530
587
57
754
355
250
287
996
774
830
106
300
461
97
440
91
134
756
820
422
101
452
1011
527
981
489
85
1001
687
274
428
454
181
512
120
341
784
703
38
592
917
710
978
969
922
388
561
762
604
876
285
237
904
126
308
262
38
188
556
900
892
559
660
36
990
405
292
614
427
159
849
180
827
273
807
392
661
106
476
174
204
877
381
287
463
373
581
327
52
912
910
656
271
885
884
27
587
715
708
197
959
75
978
503
454
239
207
156
675
864
399
431
783
657
967
62
882
868
796
612
256
620
686
647
541
558
844
822
877
276
149
613
824
323
218
559
1006
693
664
35
829
67
37
20
936
919
1012
86
1013
136
353
210
993
848
204
258
323
818
731
43
505
14
620
1015
637
822
286
515
755
98
277
895
650
860
382
258
114
449
958
865
256
7
783
145
129
77
665
305
694
475
852
709
625
901
852
128
430
278
341
901
841
866
307
656
898
232
926
722
138
294
241
120
562
649
801
629
98
866
168
562
677
360
246
18
650
143
715
762
554
723
660
994
987
673
632
422
558
58
729
289
242
827
281
144
576
857
935
933
620
318
83
713
860
207
951
53
775
883
25
52
365
708
296
63
312
49
642
9
603
756
584
593
612
509
971
334
704
659
564
779
132
847
613
944
112
926
660
428
710
306
352
709
110
666
682
738
355
752
546
771
162
770
445
617
213
567
638
931
183
590
807
817
770
120
68
288
168
310
19
242
18
536
234
692
932
116
379
773
55
776
819
102
772
563
352
752
167
535
539
596
487
202
93
1017
212
825
895
98
533
105
814
93
355
995
399
246
911
516
312
734
495
461
952
880
314
666
1012
49
386
112
491
25
731
215
816
505
814
949
438
116
926
499
162
722
1
588
338
539
482
682
595
620
752
914
588
4
754
622
339
921
68
43
279
77
454
937
880
622
91
642
110
49
513
199
403
123
976
883
453
713
738
576
96
791
701
474
834
223
304
554
869
376
17
1
870
597
357
261
144
699
351
64
804
601
818
58
848
310
954
357
748
873
1009
921
485
947
206
231
451
64
63
1000
797
757
79
9
42
470
711
630
235
543
419
958
231
300
979
437
317
401
425
712
345
771
114
934
184
127
381
474
979
602
223
677
1004
690
462
696
24
665
884
557
653
125
157
739
100
869
213
716
968
553
606
747
552
609
278
643
335
113
678
747
70
459
434
123
277
548
943
631
648
248
148
135
816
256
823
437
857
542
432
129
614
192
606
7
521
422
589
409
364
75
4
139
140
346
761
123
176
692
1005
449
639
554
729
963
1007
938
466
379
628
275
212
790
444
283
266
54
439
485
402
502
662
480
355
390
150
930
743
697
335
414
823
233
591
78
58
944
603
322
251
382
888
333
261
572
865
466
896
505
940
321
136
402
166
685
717
768
393
39
449
711
365
103
561
8
670
371
972
286
735
130
296
288
144
496
724
328
184
419
715
790
557
751
641
908
786
83
535
15
615
75
482
564
571
621
975
314
239
68
919
619
434
966
971
706
596
889
587
179
689
794
591
845
393
369
240
585
608
134
918
1003
904
364
517
393
330
860
810
570
930
756
355
67
360
824
924
980
80
764
301
879
427
801
171
921
729
627
423
963
441
79
246
190
932
1005
707
479
730
424
625
791
648
893
263
951
979
931
316
553
878
769
259
853
834
389
50
862
53
162
967
113
150
426
799
669
1023
323
533
538
22
613
727
951
309
105
926
34
160
470
641
629
171
775
711
86
817
848
307
107
691
572
688
179
155
1014
241
153
814
365
395
136
538
44
173
87
776
218
267
607
865
30
198
993
602
104
902
557
169
305
680
482
474
543
38
1003
391
300
279
783
914
403
714
504
968
831
333
96
352
284
362
504
465
156
169
496
861
410
233
229
115
176
21
191
844
954
365
961
685
118
50
620
708
3
406
423
171
557
537
333
936
302
714
689
887
579
173
409
276
302
1007
244
912
803
220
457
587
221
545
240
255
199
880
14
773
226
669
58
151
936
302
693
200
616
349
1000
832
34
288
544
552
216
82
973
229
591
700
560
964
739
784
216
64
493
829
1005
567
410
959
230
19
907
983
860
184
595
512
637
381
433
546
631
550
84
32
232
634
1000
719
683
424
841
260
615
866
526
16
480
399
184
891
16
409
756
791
213
210
557
415
994
215
217
1011
848
888
467
439
348
907
682
749
576
728
345
630
449
467
147
47
806
334
745
112
598
58
778
318
924
749
881
884
1020
365
543
252
81
1009
1018
672
280
73
911
854
858
49
1020
724
912
162
448
449
898
915
847
531
16
705
934
38
336
142
153
757
15
374
988
710
207
865
811
377
583
610
87
614
157
550
101
117
631
486
804
222
384
1019
33
848
459
210
282
868
405
789
218
422
924
816
430
888
600
450
376
486
804
991
198
819
538
794
980
517
71
594
236
48
1012
785
651
839
626
461
623
999
426
286
210
66
288
830
765
425
91
86
861
89
190
410
15
773
742
276
69
902
468
492
340
1005
47
1012
1022
431
526
242
903
4
325
202
328
487
1003
340
943
416
775
450
561
637
121
871
368
169
76
237
475
204
616
628
932
798
916
623
543
598
229
452
801
26
713
382
414
270
894
253
212
893
325
332
94
923
788
725
785
650
325
287
162
884
38
104
301
381
703
647
85
202
136
767
1005
976
16
72
265
847
330
800
945
947
974
99
190
346
656
750
668
580
854
320
793
887
12
1019
505
828
942
42
288
880
991
9
82
934
32
787
972
345
81
956
167
610
923
590
585
365
923
203
574
477
822
703
385
538
214
356
493
229
476
122
763
37
269
509
445
151
76
273
812
638
53
669
614
304
488
144
406
139
846
839
969
95
769
795
579
556
706
34
387
176
897
281
488
876
68
676
443
172
262
205
998
524
33
246
157
170
491
886
338
197
1021
120
498
194
1002
161
156
982
114
207
81
453
716
362
777
387
815
524
937
867
173
531
530
871
57
802
873
906
252
187
469
304
250
1003
31
728
374
29
663
887
742
736
707
108
235
978
648
807
599
684
551
84
524
660
639
819
723
164
678
758
373
520
441
812
350
64
208
60
617
380
1000
192
74
181
912
970
424
164
333
167
12
638
598
118
364
73
586
308
620
538
287
465
627
353
791
360
361
789
35
557
106
266
491
753
328
623
819
846
287
196
344
969
331
718
328
915
999
901
501
250
568
57
241
1004
523
997
581
410
111
628
902
469
122
864
885
824
715
916
918
476
886
649
998
804
630
59
410
330
472
287
482
131
591
63
132
306
940
566
931
547
326
444
490
607
921
618
918
225
710
480
336
806
921
625
508
992
144
872
829
845
288
672
40
195
644
771
598
473
417
130
510
931
1017
301
237
1013
575
965
840
365
179
541
991
953
526
613
955
476
915
700
401
867
560
68
148
189
179
34
934
431
801
222
155
591
125
217
1021
582
1001
761
392
636
917
166
182
875
345
204
148
1001
907
738
707
644
378
345
24
100
132
2
248
29
925
710
143
680
946
272
734
957
75
871
74
286
188
273
66
852
442
51
668
38
228
651
138
804
345
657
748
921
790
952
76
764
423
635
440
950
680
64
933
577
978
105
613
366
965
557
383
561
375
161
773
556
686
968
817
102
72
993
762
694
924
959
680
284
374
922
478
420
433
447
261
720
742
481
409
274
140
832
596
527
619
966
241
80
876
875
313
206
438
106
769
487
316
715
512
638
414
754
189
508
46
450
154
261
438
926
832
64
93
43
507
855
833
67
1022
484
630
34
961
32
168
526
617
697
976
535
316
672
686
285
224
217
922
310
61
18
109
321
114
897
676
80
580
770
684
826
274
58
749
48
650
423
76
227
662
813
228
382
1022
842
211
808
288
196
552
153
619
278
88
751
48
121
431
478
253
866
389
24
812
977
340
671
0
639
800
930
958
333
251
958
514
111
174
517
346
615
447
362
822
123
155
818
933
573
593
560
53
74
498
519
857
123
445
60
84
598
952
1016
679
584
813
100
930
646
153
521
369
766
673
593
155
579
364
764
266
726
361
94
741
520
549
570
875
256
523
558
543
633
475
896
577
146
93
806
412
157
219
62
475
2
107
305
981
201
198
557
119
692
397
424
759
951
711
113
422
805
513
465
1012
838
295
908
722
78
958
81
883
503
58
948
1014
283
130
327
996
509
1020
895
99
632
713
678
654
316
532
900
158
69
108
857
160
858
652
6
455
236
977
727
391
887
324
153
443
325
90
736
357
743
264
769
36
887
80
500
970
998
114
499
624
131
267
881
153
481
168
218
974
842
332
91
938
284
308
585
866
729
835
252
400
50
157
245
1004
280
948
442
974
467
302
432
977
802
292
558
165
186
517
36
871
541
954
2
74
210
445
551
812
1018
207
740
148
572
116
938
736
699
299
743
441
835
936
478
632
293
496
870
608
834
929
327
725
231
481
826
29
797
910
740
100
776
440
701
553
778
437
432
578
540
866
132
350
595
254
690
481
506
169
269
0
501
503
440
296
604
889
134
677
370
754
752
429
154
849
285
754
464
716
276
895
919
632
355
678
600
388
341
715
683
571
255
777
247
611
950
587
28
640
783
627
466
21
837
572
824
357
1017
509
854
474
80
980
673
539
490
268
592
687
492
207
410
605
44
519
360
7
909
1
563
983
687
373
301
209
624
105
568
441
682
844
266
827
16
773
710
536
896
109
975
879
826
590
950
560
254
937
176
571
858
710
297
664
191
475
17
983
318
706
25
916
899
841
378
776
928
932
108
260
101
875
921
227
463
219
823
355
104
211
221
202
387
503
336
505
958
613
657
729
696
750
845
219
195
104
259
770
760
83
37
345
477
598
271
765
340
285
582
563
367
789
18
683
698
92
403
810
230
360
770
409
396
742
612
149
380
816
604
726
911
350
886
931
493
564
923
352
689
445
810
714
681
635
669
275
582
145
14
865
400
301
907
643
872
248
679
556
269
786
801
567
577
791
427
72
511
174
346
901
686
823
1013
565
107
318
392
653
852
739
727
449
491
882
542
564
341
983
499
720
538
410
717
250
37
524
365
299
215
496
970
950
433
934
472
446
325
39
756
264
388
761
417
804
973
818
671
817
951
428
194
753
416
941
101
960
911
655
867
8
678
160
113
335
945
572
721
973
973
945
349
274
857
549
162
783
589
517
206
504
907
77
748
835
644
976
148
677
633
464
174
2
813
242
298
249
210
228
124
198
1009
747
317
515
62
482
438
843
547
522
447
80
100
1000
71
1000
371
883
737
913
639
15
110
278
877
352
1013
183
811
952
537
805
152
909
409
184
584
103
221
597
650
497
488
384
732
269
321
174
403
402
155
537
103
36
752
2
318
365
432
583
273
1003
640
336
249
814
792
845
375
482
303
1018
865
662
622
161
277
111
162
514
304
956
314
110
279
541
158
174
881
853
730
861
260
1004
672
937
496
968
290
96
703
738
334
308
272
984
571
305
864
281
1016
635
711
894
582
844
776
473
277
166
954
989
855
168
123
892
22
554
518
485
97
39
51
489
426
263
17
417
443
779
885
80
89
958
1007
1004
574
129
663
89
954
461
979
23
733
515
749
319
11
247
765
1008
148
560
324
784
248
131
229
582
983
407
625
392
729
66
970
571
679
915
718
603
878
533
808
506
559
109
421
617
451
377
828
303
1007
736
568
196
701
31
670
252
803
422
915
362
76
38
894
810
825
846
710
851
852
280
355
605
984
148
159
185
981
571
685
805
868
443
217
975
983
444
578
42
662
431
414
815
199
983
119
767
332
387
337
234
755
677
291
224
570
359
631
197
825
644
259
527
457
449
516
784
828
946
374
365
266
88
650
531
313
18
105
221
374
299
471
454
229
307
116
389
428
71
496
456
157
545
773
845
237
414
863
823
803
194
554
685
966
524
267
199
418
969
790
294
678
722
738
158
746
124
393
77
993
244
180
798
222
157
340
697
454
268
822
167
287
594
991
181
363
416
604
841
383
810
829
850
726
302
735
856
970
6
576
128
418
103
162
222
428
69
713
479
86
562
836
813
302
721
975
916
488
647
815
928
449
544
767
251
571
603
45
166
610
155
430
346
362
321
344
579
620
305
86
636
979
828
693
373
248
904
723
578
247
557
487
962
63
763
1016
304
641
374
753
632
437
611
423
936
980
742
304
888
428
389
224
80
809
617
761
873
140
666
982
405
195
635
818
963
672
638
658
441
293
184
621
618
212
239
211
598
620
161
449
987
520
888
192
74
118
222
911
299
812
793
147
307
661
933
688
936
299
353
481
149
26
43
600
256
490
555
921
982
41
36
328
936
893
398
170
191
534
954
337
947
606
264
306
399
120
431
610
658
825
811
911
171
863
770
774
791
131
991
106
623
276
973
571
354
921
573
258
386
976
637
116
353
805
863
105
405
120
865
619
526
223
692
799
243
427
122
691
197
916
335
421
368
698
16
993
146
251
832
409
578
21
520
595
265
436
149
280
521
811
959
537
404
96
875
318
309
923
768
935
681
1011
914
375
999
463
0
189
355
355
134
827
735
689
105
147
774
882
174
898
782
796
588
90
703
844
598
872
180
758
407
170
391
876
857
29
443
466
85
720
656
760
859
765
441
159
550
533
844
780
586
876
47
298
319
434
527
425
341
22
723
303
169
806
559
1021
128
845
977
301
690
596
1018
542
376
324
254
433
34
187
646
544
207
411
881
568
797
484
143
945
307
635
745
362
307
599
689
379
250
720
697
159
295
69
382
350
884
716
34
958
954
948
460
162
948
215
602
716
729
25
601
957
997
175
807
9
26
1016
237
567
394
759
903
443
315
179
374
680
921
483
190
662
674
29
316
666
416
134
1016
270
553
436
611
269
751
676
362
654
504
839
921
651
832
707
891
767
917
463
812
402
284
429
100
369
368
934
697
978
730
981
210
200
266
846
819
857
989
61
378
58
131
824
411
779
634
842
161
374
481
18
268
171
1021
785
350
882
70
310
1003
984
131
485
967
228
414
1005
196
583
752
317
307
585
823
669
80
394
682
987
165
231
677
414
576
41
302
215
824
940
835
773
479
371
747
950
903
755
594
873
403
341
446
743
29
758
922
1017
964
326
660
351
866
528
870
188
580
916
932
806
859
799
565
474
50
164
741
33
773
293
662
370
784
437
233
481
757
270
270
443
562
957
56
872
756
920
765
895
115
97
711
95
105
529
310
517
960
1020
960
667
104
719
96
184
686
378
402
239
132
417
107
805
193
467
435
105
70
833
479
528
767
698
900
502
611
812
624
783
943
375
488
276
842
257
21
403
624
44
448
959
906
870
0
70
70
736
194
604
356
482
76
587
620
397
422
709
986
849
177
17
926
487
18
843
401
975
150
333
436
2
825
966
851
813
814
524
990
1020
425
714
758
609
468
649
918
864
986
57
664
536
244
358
545
456
704
279
775
504
806
472
477
845
637
163
575
945
4
465
450
77
273
132
732
329
620
161
223
819
209
202
385
986
272
883
971
579
898
956
142
137
989
111
803
635
365
737
622
613
133
498
735
689
223
184
169
750
421
964
512
9
767
163
590
386
646
529
677
384
743
863
68
947
522
77
532
381
622
675
1000
292
328
451
19
768
494
144
443
518
461
394
675
341
42
678
381
355
457
272
759
231
415
467
163
570
122
280
800
48
1012
572
959
602
888
432
374
510
133
151
292
26
575
43
707
415
598
1017
985
191
444
874
5
965
905
955
949
644
22
883
375
171
278
296
571
104
10
841
927
0
925
30
181
293
331
249
741
458
997
296
523
540
63
207
290
891
872
499
200
940
411
394
329
160
604
296
487
712
635
904
496
623
953
791
99
94
419
483
18
267
438
513
373
307
613
981
212
656
397
706
160
346
297
511
688
915
930
549
92
690
54
199
816
572
485
208
301
686
52
716
405
459
765
238
449
870
940
858
428
29
170
965
935
898
442
770
891
93
941
108
924
759
1
977
34
756
156
426
143
938
881
299
796
147
596
222
664
1003
17
518
595
761
728
248
941
344
431
992
774
321
349
813
24
414
681
276
1022
703
993
326
314
149
709
618
693
869
997
566
680
827
676
746
605
746
475
153
503
331
265
206
184
440
636
938
770
870
546
455
380
297
953
501
520
701
639
422
901
289
415
1009
412
593
462
779
608
630
927
158
770
934
557
552
159
952
769
197
326
589
844
550
492
149
263
117
597
265
559
127
346
298
701
350
80
701
359
602
399
344
509
1010
567
884
790
345
843
53
150
382
68
932
714
107
397
89
893
648
111
139
23
844
198
265
258
602
971
304
204
996
401
513
143
994
1013
490
175
853
679
905
513
983
715
514
70
799
68
781
512
630
543
441
556
141
280
417
590
314
983
896
719
347
756
674
799
869
990
806
76
908
913
266
373
570
680
247
587
33
858
44
237
226
314
1020
776
752
159
48
644
557
201
491
999
399
547
588
1014
668
903
99
547
17
136
250
582
251
159
666
413
596
109
585
398
754
479
372
222
946
563
447
813
592
438
246
467
131
826
627
389
357
465
313
71
603
228
351
991
463
690
671
328
91
572
303
93
997
445
818
606
632
17
231
944
831
204
396
1001
843
569
464
990
5
91
241
384
790
200
894
10
580
918
146
139
734
983
949
273
921
925
670
585
550
377
765
388
282
375
304
129
658
86
456
867
552
179
537
849
379
825
311
536
55
699
161
703
759
206
557
1021
193
269
801
469
785
731
930
826
828
328
90
162
68
755
203
825
228
761
601
972
690
96
300
415
490
242
479
73
895
422
999
536
731
552
970
319
192
822
711
732
229
999
497
329
307
83
863
37
652
565
335
47
874
311
216
721
363
444
863
598
644
244
1014
746
52
978
8
514
618
367
709
336
150
639
70
967
419
435
659
837
974
789
417
677
435
35
308
640
395
991
784
656
344
190
876
770
760
945
70
727
369
592
713
191
265
213
712
77
51
178
710
953
850
386
824
300
742
347
1019
623
965
586
545
822
156
547
28
511
397
351
241
366
592
256
575
47
819
726
364
946
935
794
760
639
521
596
954
128
705
666
995
862
837
583
928
178
1023
534
124
321
71
225
200
475
753
712
851
369
218
359
136
920
1002
641
237
221
507
957
572
535
170
263
148
165
331
411
224
797
255
767
121
837
668
1010
415
791
216
128
768
657
1006
658
263
65
757
555
600
811
927
630
131
334
577
335
236
74
982
618
440
522
464
130
307
232
418
635
838
947
262
145
258
227
233
108
178
77
674
36
398
550
217
741
80
310
886
593
291
270
896
408
644
375
903
329
209
49
189
135
312
684
134
19
70
114
766
254
233
349
28
436
926
624
984
129
548
630
349
548
225
997
223
26
536
960
427
376
738
562
447
7
659
581
439
886
569
334
11
755
22
968
460
1005
242
893
806
459
191
4
13
103
388
609
776
409
95
146
483
328
169
338
121
738
897
1023
486
707
895
1012
150
419
919
648
554
247
572
844
408
638
481
273
556
831
465
287
901
676
558
139
293
650
302
941
135
738
35
430
415
594
733
630
390
176
303
166
624
96
681
463
393
751
561
417
783
662
749
399
777
297
471
737
300
14
245
699
390
420
590
576
80
276
531
519
501
983
687
695
744
925
29
991
251
452
999
883
848
916
53
73
65
343
491
38
1002
341
889
460
883
376
34
652
349
180
346
844
233
8
523
383
560
462
694
25
464
374
291
183
1006
838
966
778
463
1004
668
700
426
409
505
375
82
404
603
964
375
167
343
245
524
17
943
513
1016
784
39
740
636
516
767
519
283
794
517
747
84
913
429
461
743
94
373
886
765
682
888
0
811
58
307
391
530
902
899
127
247
577
23
258
756
298
224
433
932
658
305
684
552
64
334
48
782
1013
302
461
607
905
798
952
95
15
388
491
757
348
205
133
341
622
143
133
145
537
595
478
521
287
181
520
23
211
829
325
259
997
387
258
894
721
955
511
360
406
562
601
247
774
198
533
479
730
97
712
546
337
388
943
797
269
66
883
58
139
654
257
254
488
162
621
830
682
298
638
322
487
794
50
17
421
505
404
934
492
145
453
251
533
828
852
534
904
429
127
569
742
120
896
568
293
220
1010
287
110
766
888
820
390
366
224
1009
1000
37
792
108
990
597
535
117
568
594
937
209
269
193
353
906
889
792
294
290
375
677
909
432
388
667
930
950
179
227
936
224
286
730
557
557
160
267
107
332
611
751
995
635
496
976
515
799
301
180
626
1014
527
469
312
715
277
319
93
37
351
149
143
618
648
839
603
402
322
12
597
170
689
282
324
627
997
729
844
849
528
74
383
165
458
812
817
73
847
926
486
258
452
815
927
316
644
609
954
888
581
645
744
986
533
158
759
361
177
690
939
119
917
347
587
230
791
472
434
333
396
370
774
37
318
984
627
41
137
1000
744
927
471
198
518
332
25
472
147
144
384
222
227
694
600
130
67
938
898
578
445
27
607
309
255
50
758
726
565
796
1012
102
444
524
954
959
85
832
476
669
435
885
83
766
195
661
660
94
633
323
915
241
913
598
46
221
827
775
510
5
206
7
180
510
370
186
601
875
384
839
122
543
791
456
743
501
729
186
176
12
696
403
752
564
216
375
888
488
410
260
35
98
559
565
328
433
884
826
1001
578
445
664
503
845
799
219
427
345
431
645
227
859
683
936
630
898
908
377
874
637
110
602
101
853
247
291
321
188
256
45
87
547
204
465
129
91
728
198
325
245
208
34
822
650
648
1023
717
858
39
815
662
206
165
308
340
609
551
741
85
905
653
788
798
134
814
615
870
833
220
647
108
621
689
297
221
616
112
689
332
961
182
375
410
684
113
371
594
911
627
101
232
745
442
1021
115
730
1020
849
115
426
839
574
948
366
211
40
377
400
726
741
359
638
966
939
170
593
170
637
336
350
908
103
450
583
211
896
886
943
604
764
283
81
303
939
599
404
890
617
589
725
161
834
600
630
303
7
769
444
467
895
277
918
930
548
143
743
139
424
94
442
317
675
362
501
880
165
964
838
552
851
89
473
916
359
670
562
884
498
141
517
945
69
704
369
565
703
710
935
764
110
300
37
419
44
890
231
127
108
959
731
612
697
39
797
653
19
292
612
82
599
71
625
328
47
761
727
1013
193
785
893
907
844
891
588
591
427
464
969
85
568
476
571
170
21
1019
941
449
118
246
800
851
269
799
458
872
702
620
392
115
70
992
183
748
799
700
121
484
545
749
908
177
290
821
540
753
326
879
309
908
390
775
252
69
365
276
941
335
644
907
183
310
958
508
926
757
615
173
27
120
86
869
359
728
313
335
785
74
126
236
549
856
686
603
472
154
623
456
490
897
184
551
908
298
650
626
877
250
921
314
219
300
737
274
946
569
289
645
240
851
890
589
595
116
626
878
1022
299
178
825
522
263
374
91
229
501
180
421
719
681
602
224
435
201
923
532
418
736
784
1013
934
397
789
766
553
330
528
855
261
775
82
2
166
445
897
733
720
22
101
423
323
656
733
55
409
820
103
587
941
757
516
305
389
267
485
805
380
642
694
671
517
495
926
534
92
330
898
677
843
80
781
568
372
891
610
233
563
360
212
931
522
365
347
30
877
68
179
29
165
5
233
265
18
646
876
882
342
433
21
235
699
263
188
523
668
909
21
72
1002
656
754
548
873
592
272
906
860
563
394
536
904
601
670
614
451
505
985
162
776
20
752
545
222
835
561
555
380
525
75
323
606
472
636
123
808
451
838
107
929
715
524
408
871
820
487
516
420
221
267
304
843
245
586
865
794
197
259
900
835
81
324
135
212
961
9
510
695
1011
709
793
945
858
567
508
552
387
475
751
281
883
129
700
252
913
745
87
56
590
332
810
842
838
457
965
140
307
827
838
680
24
1019
205
288
52
55
912
627
554
780
341
200
489
4
943
680
330
664
40
227
838
752
944
634
184
597
84
401
97
477
807
274
1016
326
203
946
284
420
514
776
317
1016
859
675
197
379
189
410
218
133
151
54
225
799
286
767
413
432
451
942
173
548
274
139
516
565
939
732
368
688
419
144
0
964
606
219
1021
23
869
400
444
812
476
158
11
128
455
914
913
659
128
227
688
623
161
737
204
935
212
938
478
1008
138
205
839
102
145
785
52
307
639
773
305
148
0
10
417
157
838
977
984
143
326
175
174
456
729
930
202
50
497
251
738
33
860
685
410
995
493
286
221
991
427
672
471
397
963
941
627
266
685
731
138
237
914
993
397
567
814
465
461
225
751
609
280
584
835
448
709
631
573
569
276
7
847
622
573
39
788
367
591
58
43
430
931
333
93
729
205
176
260
210
835
333
985
636
770
678
116
327
238
179
858
95
998
589
33
408
552
900
93
593
363
411
701
843
1016
19
258
16
930
742
129
37
819
3
291
61
377
256
795
38
581
145
490
297
917
950
624
569
796
411
942
654
225
775
836
14
76
726
635
17
378
69
426
577
166
985
457
190
542
152
192
287
414
523
771
262
386
17
517
369
273
653
239
69
931
429
631
793
608
544
929
872
120
556
659
193
322
514
766
36
895
895
714
5
121
310
67
331
823
359
714
695
437
16
870
632
307
616
295
29
745
891
554
196
1000
244
324
547
49
739
838
324
663
701
1023
270
208
14
77
117
918
290
299
667
171
394
175
820
714
384
438
573
121
857
279
532
458
1012
666
947
195
389
518
215
484
207
476
806
690
973
667
315
324
19
58
408
944
48
785
439
56
605
327
939
744
923
83
86
868
221
446
771
631
546
348
442
614
100
194
98
406
750
87
188
498
869
880
190
481
544
914
517
850
202
154
474
612
674
339
49
448
440
904
326
484
28
215
948
902
22
840
642
200
20
67
465
116
792
92
41
767
0
390
484
628
756
187
697
423
289
772
411
508
587
116
955
18
504
926
764
480
1002
473
478
717
631
821
846
922
339
833
367
554
28
55
586
191
648
464
78
460
274
834
57
187
565
906
96
420
548
365
439
19
125
848
548
855
195
522
227
432
420
502
726
583
1000
863
729
533
32
872
573
164
776
58
717
373
822
347
149
528
750
78
522
110
908
153
147
446
1014
575
363
438
381
942
235
685
384
93
182
33
483
575
901
664
497
530
422
632
988
291
676
455
46
169
401
63
511
86
276
726
586
991
14
907
481
287
860
1019
717
444
19
458
41
563
665
207
447
345
159
860
394
369
409
53
1004
789
881
231
601
402
591
951
501
185
366
802
958
432
320
912
986
644
1007
585
875
114
1003
898
788
709
337
216
841
820
513
203
64
877
1002
454
190
855
826
93
804
455
81
245
165
698
491
970
620
189
1001
368
155
127
1016
101
274
543
275
582
872
790
697
505
308
871
962
890
79
818
82
425
56
937
221
535
708
722
688
356
451
471
128
477
307
118
614
438
939
833
382
729
422
327
547
911
287
570
707
190
964
649
325
563
634
321
9
817
987
758
126
947
430
217
991
894
135
779
621
656
367
825
787
521
649
992
73
114
835
355
279
203
915
114
950
81
206
699
472
659
167
579
853
594
510
600
485
156
38
417
482
348
64
552
856
284
33
556
708
488
751
401
742
171
431
846
733
980
645
293
464
746
115
777
524
495
82
287
406
224
916
941
913
837
368
647
96
165
249
283
426
363
703
120
482
347
206
271
390
121
1018
371
362
249
1016
341
272
774
438
309
658
746
409
205
620
390
188
70
236
279
192
389
585
974
542
27
96
782
785
246
441
711
838
756
281
588
288
579
414
394
115
997
375
226
311
617
864
157
164
627
391
605
197
428
404
402
724
605
174
860
540
626
914
279
883
128
814
344
943
1012
849
270
704
532
195
819
1016
774
197
639
253
788
342
457
537
913
554
970
960
151
925
297
478
127
354
864
225
493
747
951
876
554
32
153
32
700
778
751
122
491
67
453
82
658
265
222
998
199
412
718
72
77
708
71
770
229
971
131
931
19
152
528
921
252
738
651
291
13
100
738
702
72
492
348
926
176
664
480
593
454
336
873
54
238
376
949
617
283
258
46
293
808
70
666
184
960
237
982
407
708
844
842
447
750
333
76
482
569
760
425
527
25
280
665
200
205
695
846
824
591
885
289
197
559
407
482
115
223
160
674
732
189
444
533
448
862
340
302
1012
245
87
31
230
432
987
735
951
789
252
99
361
359
417
478
980
809
984
856
847
794
458
919
515
994
425
429
743
1007
913
822
723
625
140
706
258
899
501
901
251
1008
170
1016
117
102
321
938
222
739
307
211
259
553
953
492
503
942
868
291
431
696
650
652
933
953
677
333
820
212
485
636
1008
789
576
901
517
245
108
907
146
582
481
823
273
872
242
996
601
268
702
554
945
871
900
1013
807
79
1012
769
851
23
578
707
1021
906
79
425
218
688
272
86
707
167
588
787
606
648
19
476
566
493
868
693
530
531
622
509
116
193
673
532
250
102
133
845
120
248
662
827
608
819
780
491
82
156
90
67
867
45
480
536
31
15
564
58
565
81
698
664
651
397
222
932
201
706
16
868
738
606
1023
350
204
504
965
155
900
714
600
721
877
111
291
626
756
448
705
40
372
856
208
78
552
389
670
782
2
743
178
493
594
197
247
641
223
835
102
480
968
227
373
428
833
142
439
522
206
957
933
155
626
300
600
32
597
488
584
728
465
44
3
970
550
669
294
131
620
251
111
869
723
25
358
693
708
180
685
433
470
851
366
579
457
974
753
596
62
205
101
553
623
96
696
447
316
244
971
411
763
112
458
551
182
154
11
781
363
271
341
525
434
71
579
833
284
121
740
895
586
365
102
537
582
979
278
894
507
325
233
43
776
600
549
890
828
549
648
1014
843
631
55
966
72
204
184
185
782
1006
402
424
467
880
969
194
477
298
612
905
38
381
29
404
6
446
522
275
758
413
577
507
786
699
836
805
766
99
382
338
481
394
445
404
394
739
339
322
570
590
91
768
526
803
405
950
374
378
831
613
144
662
869
577
658
435
1002
645
622
51
590
294
40
281
652
470
523
80
22
527
246
697
758
147
115
399
837
290
48
83
294
506
883
78
171
60
335
941
553
266
968
83
387
786
704
217
924
207
93
735
260
631
849
631
469
830
582
249
434
669
628
929
960
852
41
320
977
816
254
226
49
929
502
908
967
891
877
943
963
682
857
885
76
704
865
544
457
923
245
943
815
735
362
411
289
710
889
888
434
683
44
324
752
390
530
471
249
582
528
436
2
446
461
506
546
590
589
613
82
202
362
1000
830
684
881
275
699
191
201
171
157
504
705
154
23
54
791
671
143
587
1014
894
890
646
279
674
406
537
589
507
936
940
74
505
307
943
952
410
524
256
899
532
240
184
929
227
900
902
432
235
968
495
498
931
832
907
50
814
636
156
305
26
663
185
413
258
265
760
47
105
885
697
217
546
343
412
758
436
970
901
166
550
174
961
819
110
1017
115
76
163
551
605
375
92
616
168
964
544
497
141
212
547
598
746
720
702
184
720
187
194
390
429
760
342
770
824
983
682
672
581
856
744
687
655
78
26
394
702
524
1018
1008
954
512
105
631
233
148
510
413
782
719
167
293
960
562
111
440
252
859
55
937
1003
119
227
346
685
166
271
594
219
845
559
331
59
963
504
356
49
165
549
839
727
802
363
719
580
172
437
438
244
810
344
22
893
823
666
77
676
176
165
828
761
436
654
472
470
105
242
567
960
631
917
145
689
489
33
493
29
60
237
47
861
985
979
281
572
497
189
537
92
321
756
815
623
376
673
736
457
900
259
144
283
331
989
566
235
925
85
784
365
1020
231
415
432
220
95
983
359
715
76
433
234
172
942
831
940
217
821
98
911
814
254
852
810
489
587
928
68
610
67
708
106
634
389
389
920
844
43
226
401
1
44
654
231
616
956
199
320
15
284
204
357
286
30
1006
677
36
980
836
621
257
488
482
890
637
610
36
634
521
212
316
548
516
170
364
154
74
94
818
361
124
736
175
303
289
110
398
455
884
232
513
594
635
785
491
805
496
1023
1008
229
608
415
360
436
814
483
322
225
349
936
428
835
628
222
174
19
648
677
149
457
1021
734
122
985
889
715
313
799
167
1018
560
546
548
472
556
722
848
500
934
43
743
1022
723
621
218
471
718
998
349
450
360
368
854
91
789
693
269
687
544
142
839
796
962
678
121
979
873
501
684
455
834
274
927
30
385
809
451
624
33
70
758
627
883
160
905
915
631
617
308
496
666
317
257
587
388
275
350
918
592
319
0
412
35
268
745
215
28
623
783
104
808
891
601
208
619
635
825
1001
257
608
833
655
290
758
1009
697
595
407
315
534
442
96
687
715
966
181
394
275
486
248
418
236
161
709
98
868
262
771
272
789
793
416
638
890
702
212
930
551
521
621
774
658
895
55
702
634
771
661
379
843
89
241
92
112
633
818
325
105
872
297
841
526
991
394
369
460
164
545
810
893
606
105
888
613
720
115
282
654
186
210
878
67
481
1023
474
867
162
359
391
694
104
45
787
237
546
76
652
394
912
799
270
811
345
852
221
178
222
237
142
873
530
161
930
693
730
840
606
871
368
739
877
157
721
101
505
159
332
261
633
898
23
943
672
975
22
848
417
322
629
565
943
995
71
598
128
542
164
766
138
861
790
402
781
507
757
762
745
623
716
28
478
36
533
628
58
991
702
52
595
281
868
515
188
540
461
544
318
490
80
954
243
60
741
343
501
551
817
37
106
732
996
207
690
173
1003
337
213
145
736
643
907
236
381
482
411
981
405
203
948
896
865
390
541
749
787
96
674
520
782
403
1
757
706
711
801
972
429
280
914
866
29
189
438
1015
8
439
406
574
753
962
1022
790
785
494
825
757
591
445
903
631
939
1006
177
773
962
620
884
767
579
717
22
827
741
637
948
807
435
411
659
1021
556
647
909
636
18
326
913
257
404
481
73
288
314
907
1005
783
529
541
339
687
955
221
365
110
759
183
67
17
727
51
655
437
103
4
717
830
235
925
54
143
51
635
931
483
841
18
1002
699
922
991
174
927
470
822
8
537
522
663
4
857
464
389
719
333
206
782
585
920
785
839
957
711
1005
768
629
606
767
314
208
4
145
161
438
1021
422
1011
304
545
359
823
525
818
87
599
307
287
502
535
369
53
197
73
6
429
500
832
548
307
147
311
841
67
810
333
986
493
217
252
501
550
475
43
400
739
127
653
988
925
274
769
212
143
413
598
857
832
431
790
14
448
151
81
448
339
563
97
138
37
132
860
366
876
244
187
825
837
987
411
512
794
614
98
256
818
989
991
552
381
410
574
379
139
173
950
192
91
113
692
894
351
112
422
913
25
26
294
711
132
29
948
212
557
621
907
919
5
236
0
13
287
207
122
421
544
420
937
979
646
382
151
989
859
60
644
769
1018
457
502
806
592
771
642
369
965
778
853
435
819
351
393
770
910
569
48
1008
941
676
116
937
667
354
522
401
441
291
520
605
393
57
564
803
539
204
841
924
774
239
695
668
509
484
933
133
672
816
480
768
425
809
666
945
479
352
813
486
108
235
194
598
875
591
49
882
711
288
393
96
90
926
112
153
47
114
87
109
451
398
754
457
69
981
105
160
160
586
950
550
526
710
5
676
864
360
568
145
114
676
942
925
445
816
151
1002
20
353
942
803
337
440
197
534
894
865
51
345
195
51
285
342
264
242
470
193
206
392
956
339
148
77
351
671
350
575
71
965
6
642
928
412
871
504
39
1006
138
413
366
488
780
209
878
224
169
865
508
201
861
551
19
138
911
720
617
30
50
953
1018
164
541
35
866
680
273
326
534
6
1012
440
557
626
807
250
784
220
732
552
206
195
578
678
921
226
748
982
589
349
1017
915
325
134
962
885
733
949
877
596
83
428
705
7
352
896
656
960
490
899
548
218
142
795
855
469
1005
357
649
584
191
651
224
857
608
281
758
857
3
625
426
923
554
482
1020
191
309
824
752
890
148
654
458
274
513
269
711
5
986
408
880
348
1007
165
629
172
482
73
897
520
589
74
519
632
773
680
341
512
685
311
244
845
196
986
554
951
455
310
138
488
947
323
91
709
780
911
306
550
697
613
852
901
700
973
972
448
218
809
665
332
12
966
860
754
249
110
910
478
48
673
184
473
560
678
135
510
171
872
943
834
300
843
478
49
361
414
451
327
558
111
630
957
167
318
822
634
793
18
1021
317
313
452
251
612
969
39
917
713
673
5
614
421
40
868
696
372
799
831
942
578
954
366
832
682
712
272
911
184
262
210
162
733
535
788
100
834
872
777
915
339
962
513
95
1021
624
196
51
848
591
846
907
548
530
617
342
442
168
263
604
29
436
731
181
669
920
18
702
571
646
87
502
887
189
644
305
412
178
794
1018
794
322
983
627
856
945
104
722
683
73
477
307
591
250
553
959
483
755
61
264
970
445
700
858
360
117
806
558
894
486
257
112
117
901
966
468
972
991
742
124
848
1006
982
123
632
1014
408
178
445
843
794
209
744
645
372
525
107
382
504
244
999
904
122
246
800
940
484
716
254
1020
932
514
302
825
727
45
394
144
775
976
683
1004
65
67
785
199
753
945
288
703
790
171
985
199
152
467
982
869
876
121
677
308
521
792
672
560
28
1023
111
210
440
24
450
632
374
593
858
203
167
272
106
656
552
154
139
391
283
395
905
712
443
820
40
61
99
798
754
334
297
769
374
911
499
512
622
177
179
919
568
731
352
13
90
218
1020
333
599
895
479
976
387
945
677
756
418
254
339
930
912
179
565
839
447
146
1009
332
281
166
116
642
262
218
480
391
37
797
791
556
1020
224
1012
400
773
361
104
624
726
553
84
684
757
733
640
884
852
550
756
707
753
320
310
580
850
352
642
925
312
849
574
277
572
204
39
739
812
207
762
473
29
948
874
605
617
460
84
114
552
659
150
625
141
512
946
517
101
662
543
190
456
375
770
894
4
64
792
122
389
875
108
228
220
416
392
1016
283
238
692
551
855
221
336
700
40
895
268
900
550
482
443
206
25
435
1012
676
378
579
737
785
704
570
891
660
181
131
66
62
814
552
597
896
661
233
217
459
219
389
1
415
852
141
422
793
21
9
60
994
192
890
275
714
706
727
323
476
242
613
30
392
578
717
286
854
873
312
348
1020
401
953
647
361
469
322
715
169
9
44
312
952
892
719
676
832
305
868
62
239
926
962
666
957
845
49
190
929
130
365
673
740
336
363
536
238
883
772
197
652
824
970
141
952
157
685
527
158
649
490
261
539
835
166
720
883
487
329
301
999
737
370
277
85
123
969
432
833
760
411
732
994
372
75
201
724
804
949
197
1011
392
609
551
145
642
814
572
633
639
701
847
820
69
390
435
747
403
404
203
875
556
95
487
213
755
287
908
697
909
95
743
949
406
53
795
293
620
400
834
558
175
606
6
611
269
464
161
557
424
811
504
77
403
105
496
340
367
370
212
592
906
679
385
715
271
464
508
892
333
64
427
267
240
46
929
303
662
294
231
882
854
475
405
263
679
956
790
11
908
930
1004
758
896
692
15
376
482
936
214
526
805
960
556
623
442
752
241
410
824
786
189
968
263
177
226
9
204
332
923
216
287
885
778
18
937
103
489
559
221
532
393
429
718
88
260
394
83
1022
625
220
929
975
741
338
164
569
406
671
887
562
917
62
648
697
187
112
64
804
365
456
99
66
728
383
179
249
432
920
933
485
458
956
109
550
792
833
776
645
941
987
397
773
147
591
180
631
134
652
271
125
383
253
681
856
352
19
385
584
549
945
209
652
241
193
115
424
815
871
480
464
956
510
684
674
522
47
857
430
545
629
128
676
575
83
650
195
313
68
728
938
54
863
824
448
484
527
311
141
538
982
641
545
584
371
540
876
924
1009
273
718
896
438
63
374
603
261
1003
604
129
89
545
901
670
390
140
675
440
303
820
888
371
954
918
730
707
1003
539
460
736
320
92
789
97
566
611
637
506
524
132
18
1001
312
474
754
400
335
86
469
253
1014
451
384
148
715
721
105
341
872
257
741
658
711
573
795
174
954
829
65
47
582
652
180
776
521
543
731
592
208
122
132
330
854
623
817
702
759
872
197
447
628
186
836
940
105
615
579
409
676
397
619
213
326
317
180
864
372
37
518
453
416
208
941
311
237
362
900
541
750
175
872
575
782
255
748
6
884
1016
995
429
606
59
105
341
886
888
952
862
797
807
979
120
230
776
149
781
289
289
720
815
534
361
112
615
281
741
710
841
345
169
920
551
658
649
1004
148
791
693
278
86
608
815
917
1012
42
690
795
664
60
409
994
223
553
627
1021
629
113
338
115
38
592
382
530
814
680
369
498
867
602
846
113
591
18
668
59
663
155
165
1003
550
253
703
565
909
430
675
388
893
841
197
531
837
792
334
696
898
166
272
985
974
509
778
40
1017
577
808
725
677
618
905
1017
30
495
461
526
733
282
611
776
765
790
805
257
959
223
880
865
539
552
564
622
656
592
722
396
257
630
529
600
59
248
771
979
921
522
675
222
790
101
957
202
505
176
1005
174
239
475
969
17
248
467
558
262
422
992
756
785
307
472
694
441
26
890
636
531
635
722
463
689
436
51
810
421
196
658
628
141
777
109
56
420
608
1005
448
64
683
814
502
502
546
547
291
788
1
995
85
877
150
919
368
441
707
603
633
907
773
108
732
0
297
794
652
604
189
905
5
906
212
660
69
769
253
9
266
584
812
392
479
894
769
461
800
30
360
326
54
223
353
1019
255
1017
680
225
845
627
914
834
715
906
153
543
237
108
573
206
793
482
662
708
85
225
783
464
591
72
1019
871
688
506
524
223
251
940
355
480
144
296
177
3
507
835
317
555
633
419
560
513
785
72
738
803
1021
509
33
739
824
271
434
532
987
725
177
918
388
8
111
347
969
279
521
638
949
793
959
347
663
85
420
303
252
469
769
620
323
505
449
934
891
966
180
1011
1
613
291
450
675
1022
233
545
714
901
880
845
168
25
210
613
618
788
760
544
734
109
739
469
113
69
703
211
788
861
128
906
867
209
190
352
704
347
358
118
526
941
344
741
1010
225
549
183
784
461
580
790
701
309
152
664
214
270
810
387
680
246
503
795
678
350
976
357
873
765
672
259
769
786
911
925
716
192
762
188
679
78
936
298
979
927
363
534
606
240
57
194
142
628
698
235
77
743
490
437
811
0
249
433
120
477
756
832
465
676
608
60
1021
473
715
539
622
6
549
202
186
388
758
962
835
732
986
591
335
490
814
507
639
38
152
601
614
25
557
378
434
784
1010
692
117
467
527
528
28
103
64
938
471
900
917
142
237
789
592
778
284
469
143
87
369
501
23
211
302
426
180
525
18
259
667
509
700
906
887
773
906
354
619
852
475
183
310
189
685
712
44
144
476
369
929
750
629
618
408
398
773
866
114
50
560
584
156
584
856
73
473
387
18
769
437
980
945
798
473
565
361
318
667
324
306
940
679
523
260
838
1008
199
620
536
13
226
806
543
305
296
255
356
651
388
1
160
78
377
680
893
224
865
222
13
340
381
322
246
437
816
3
721
430
134
619
870
998
168
806
473
1006
366
288
419
277
904
541
222
682
818
389
809
897
580
117
580
548
647
1021
615
922
142
266
62
164
524
516
359
7
487
656
360
820
536
241
691
143
917
71
468
230
480
388
120
970
148
630
15
521
378
700
450
625
215
807
82
219
665
990
334
615
434
636
475
841
99
69
629
569
767
352
477
140
550
515
76
696
733
283
585
747
5
793
567
668
416
83
579
1010
45
530
962
770
569
77
205
434
289
307
116
1023
537
799
806
162
882
396
21
349
534
670
320
543
883
95
677
128
638
788
974
445
154
495
980
200
82
485
294
792
859
377
780
379
916
660
288
411
910
778
846
419
934
937
132
821
729
93
117
321
141
564
153
761
305
789
370
634
394
636
463
617
203
498
108
721
788
61
735
827
301
718
126
232
762
678
279
897
473
416
196
821
679
479
3
409
6
383
987
245
110
765
643
499
355
1017
227
197
1020
581
167
766
242
575
689
2
608
665
177
527
840
478
963
446
321
908
12
912
964
1018
872
466
648
479
384
540
1014
44
452
546
968
374
648
129
349
636
788
966
381
603
201
180
230
241
361
356
392
809
624
82
286
211
782
283
826
902
452
61
478
507
243
161
516
946
558
117
862
899
1020
301
995
762
235
954
116
192
74
1007
802
350
343
416
466
117
246
552
122
978
291
769
752
42
327
205
335
822
462
594
983
596
540
413
980
502
769
571
403
51
900
313
177
191
527
491
903
655
245
817
735
171
34
640
904
772
739
599
409
123
477
839
991
1022
436
390
399
968
1010
324
604
1020
31
180
635
268
10
105
899
862
254
291
486
719
929
525
299
730
999
691
278
197
574
344
791
730
675
70
925
384
674
5
598
574
643
94
750
210
272
620
581
724
631
382
429
716
45
597
900
74
314
75
742
952
92
640
369
173
329
545
758
632
123
803
105
744
668
1023
115
303
835
959
387
824
36
682
594
1002
483
503
171
821
994
17
166
257
865
268
1002
710
9
124
342
866
341
835
236
957
461
621
384
432
914
307
247
852
869
17
291
312
332
493
147
752
901
540
997
411
769
689
730
520
396
258
935
796
129
120
291
737
303
908
195
950
35
507
286
969
985
259
626
584
464
630
916
118
270
951
829
93
617
515
552
782
755
444
217
927
412
493
636
605
596
671
496
364
321
222
260
262
564
836
228
62
724
833
270
928
150
682
542
210
120
583
981
397
265
536
778
527
435
880
834
306
981
48
25
161
425
492
422
994
88
510
946
471
102
776
893
366
295
42
243
88
642
364
792
383
684
589
941
568
790
7
553
397
172
551
129
126
195
287
978
981
306
56
833
362
645
246
257
602
468
716
91
246
584
1007
493
62
113
956
0
722
963
37
671
628
58
948
899
1005
634
489
504
656
99
640
168
815
693
341
271
128
931
169
1000
700
83
183
890
419
311
857
1013
170
424
437
920
769
477
852
21
237
815
699
475
319
830
496
808
856
745
135
862
700
182
356
10
618
473
646
34
435
695
520
317
857
945
745
274
869
350
953
311
990
17
230
331
498
388
626
406
636
961
816
836
758
787
1002
621
781
111
818
685
40
977
567
168
415
374
787
809
725
241
919
895
152
934
328
896
885
474
291
481
24
916
594
67
673
762
429
997
553
392
774
204
695
248
768
469
793
501
303
913
563
341
40
578
964
31
920
738
95
429
413
132
60
1004
721
703
775
814
624
123
795
189
86
576
276
934
418
790
210
1011
528
208
333
236
992
382
777
233
852
312
876
800
173
379
407
571
400
141
908
922
405
848
1008
997
128
681
136
174
762
627
75
165
950
229
827
997
821
554
914
575
656
956
903
978
824
788
414
544
1011
381
914
976
796
935
675
771
67
741
28
420
638
98
365
277
881
871
392
996
142
744
4
124
902
212
457
840
866
760
118
999
509
120
127
292
453
623
94
938
187
444
349
501
462
34
400
741
336
750
65
800
437
485
730
91
514
622
800
709
890
489
527
175
888
492
621
889
136
777
368
113
473
280
843
546
362
546
819
266
207
576
396
815
890
345
107
875
260
572
998
991
430
120
619
492
533
0
495
168
485
173
815
325
85
667
505
61
458
684
308
180
354
486
568
11
146
691
619
714
388
735
559
786
16
1022
900
1004
340
242
652
251
588
353
1017
893
153
635
457
763
366
378
355
785
870
86
563
700
318
644
718
1022
391
603
833
447
1005
603
800
728
609
629
994
705
251
398
263
471
149
354
134
18
576
503
204
586
434
921
471
763
141
162
772
987
937
607
642
936
141
735
585
233
70
528
748
992
669
969
660
887
414
3
838
417
596
233
247
913
980
964
830
534
209
533
12
595
762
910
762
996
94
188
932
556
148
845
779
268
979
47
674
777
18
598
197
479
546
709
867
421
72
979
414
231
770
559
4
828
801
934
644
386
631
490
664
13
477
624
774
396
273
537
334
114
694
979
661
345
838
160
910
958
1022
478
360
250
129
596
972
86
62
903
604
659
54
760
699
67
871
257
489
176
942
801
194
997
689
963
696
759
607
122
736
208
221
545
902
720
129
426
50
232
787
855
