343
358
30
440
95
131
633
313
900
972
260
256
547
353
138
473
394
34
774
868
797
293
23
523
212
569
777
57
224
413
906
905
89
21
185
53
114
754
45
476
370
45
703
485
895
650
565
830
68
181
379
277
713
271
652
353
197
499
58
968
349
508
901
221
420
708
399
132
896
238
212
580
26
276
586
723
978
259
90
506
969
624
805
336
51
532
555
270
292
791
939
489
207
423
425
280
473
479
228
912
212
441
691
792
895
1023
772
866
126
298
158
830
305
686
63
648
493
490
960
651
97
168
232
757
431
123
960
567
851
671
489
102
84
330
151
258
522
115
580
267
431
752
44
381
627
922
92
416
804
292
727
21
64
443
906
314
103
825
780
588
449
744
646
828
935
903
426
1014
592
393
120
129
891
67
38
611
554
478
349
77
931
571
91
443
702
254
70
688
12
228
180
114
59
823
136
778
298
324
257
528
863
863
62
78
565
442
658
306
663
879
968
863
510
529
596
491
855
993
549
492
769
603
431
840
29
808
872
333
153
12
859
230
361
534
103
573
407
482
116
731
49
273
70
523
154
716
557
551
486
164
80
166
810
845
1009
397
400
479
286
776
992
440
698
893
370
941
54
969
319
447
1001
7
873
648
99
956
66
709
716
84
746
736
417
297
138
421
30
687
817
124
1011
95
767
305
294
172
457
881
707
29
369
540
558
573
275
936
1007
235
748
903
708
235
467
898
251
644
744
740
159
431
602
59
554
68
357
817
17
872
616
485
240
221
721
31
844
817
861
214
735
94
531
307
480
691
602
258
835
670
966
345
560
419
732
460
1009
39
565
524
474
911
289
250
557
947
851
664
722
610
37
433
26
390
674
505
164
1019
205
547
294
702
39
964
702
339
91
75
775
120
934
689
187
257
361
550
687
181
34
572
285
737
24
845
741
234
386
711
460
30
267
275
212
900
966
811
122
518
529
694
308
803
451
51
963
770
812
285
836
750
43
985
393
884
542
514
681
343
780
530
86
712
199
593
391
290
185
2
945
68
1008
204
61
196
228
804
556
579
787
989
688
89
341
535
645
290
355
246
1008
719
928
532
174
684
472
38
144
845
124
400
144
664
792
993
875
87
325
611
103
149
538
363
615
715
704
845
671
774
498
915
32
542
86
509
726
957
1013
945
547
6
651
66
577
803
27
212
479
854
269
986
805
701
65
441
647
765
337
1022
3
337
318
122
692
66
681
337
502
219
632
476
114
829
138
932
574
106
753
978
832
290
55
712
114
619
853
628
456
171
168
728
853
792
61
682
856
515
484
935
228
324
113
60
12
611
855
961
781
295
31
437
732
18
464
1011
218
994
567
970
423
703
252
203
29
785
372
479
46
269
338
223
776
78
278
783
175
155
921
555
787
387
835
157
498
335
504
790
81
357
660
528
985
397
86
765
1001
396
735
703
765
809
39
566
249
356
485
283
794
450
95
546
226
781
83
777
559
147
605
616
817
560
889
1020
419
529
272
621
530
446
983
304
173
1020
780
416
779
921
297
515
988
617
722
630
36
645
94
192
527
690
859
203
477
83
357
594
518
443
776
1000
122
1009
250
493
880
953
16
905
277
793
197
259
216
494
467
954
12
428
363
909
1014
120
103
611
380
184
261
647
107
610
959
770
413
706
302
691
619
731
86
100
266
609
363
502
690
720
903
809
405
1005
921
425
218
955
849
821
352
76
479
547
743
55
844
414
710
589
1012
996
241
913
355
697
197
525
95
79
338
847
8
235
88
609
361
556
770
983
866
682
259
715
935
335
970
80
963
208
778
53
132
602
900
638
291
839
503
649
420
536
646
955
876
85
288
478
93
829
721
427
458
1
513
769
36
182
302
194
191
380
763
13
145
764
202
1020
760
61
718
320
18
209
311
661
400
231
510
546
458
343
387
817
93
308
235
186
675
323
23
408
498
918
936
535
683
170
437
399
826
615
900
413
625
154
282
242
880
599
439
50
97
233
42
313
659
681
423
485
378
869
180
593
562
998
419
752
783
215
535
314
85
330
515
135
559
751
241
863
176
387
436
59
710
674
345
583
395
460
386
745
181
201
969
898
549
172
421
349
579
54
326
819
501
723
798
594
795
488
408
803
820
309
857
899
103
570
482
233
481
505
333
936
295
970
354
740
311
181
957
741
90
120
173
73
431
969
785
960
88
141
1
500
312
952
37
167
540
411
365
935
799
759
231
538
248
246
450
146
653
697
55
156
647
440
322
389
553
997
256
680
597
557
743
251
181
87
187
994
504
956
514
125
741
454
620
808
548
746
1000
32
55
440
748
921
249
119
604
906
702
692
297
896
80
182
954
519
330
339
676
332
